%YAML:1.0
---
calibration_time: "Wed Nov  4 13:45:01 2020"
image_count: 30
image_width: 640
image_height: 480
board_width: 9
board_height: 6
square_size: 160.
aspectRatio: 1.
flags: 1
camera_matrix: !!opencv-matrix
   rows: 3
   cols: 3
   dt: d
   data: [ 1., 0., -1.3373287630426933e-27, 0., 1.,
       -1.1756391958074001e-27, 0., 0., 1. ]
distortion_coefficients: !!opencv-matrix
   rows: 5
   cols: 1
   dt: d
   data: [ -1.0513810740581615e-19, -1.2882837963274809e-14,
       -5.4770516662459759e-22, -5.8833536775821676e-22,
       4.6451481676723836e-20 ]
translation_coefficients: !!opencv-matrix
   rows: 3
   cols: 3
   dt: d
   data: [ 9.9945592880249023e-01, 0., -1.3366011734591988e-27, 0.,
       9.9780118465423584e-01, -1.1730541432611919e-27, 0., 0., 1. ]
totalAvgErr: 2.2028736955930732e+00
per_view_reprojection_errors: !!opencv-matrix
   rows: 30
   cols: 1
   dt: f
   data: [ 1.09086704e+00, 1.09878802e+00, 1.06978178e+00,
       1.31520212e+00, 1.44219446e+00, 1.60186744e+00, 2.73086071e+00,
       3.63576508e+00, 5.05569029e+00, 4.13232660e+00, 1.57482135e+00,
       1.12055635e+00, 9.88941431e-01, 1.24496233e+00, 7.75594056e-01,
       8.92904878e-01, 1.34163666e+00, 1.47289908e+00, 1.27107441e+00,
       1.09557927e+00, 1.26051521e+00, 1.36189055e+00, 6.76387370e-01,
       1.32410109e+00, 2.49954438e+00, 2.93574858e+00, 3.17566085e+00,
       1.91064966e+00, 3.16475821e+00, 3.69188237e+00 ]
extrinsic_parameters: !!opencv-matrix
   rows: 30
   cols: 6
   dt: d
   data: [ 8.5394421086002661e-02, 3.1404284440391015e+00,
       -4.2066345872305799e-05, 2.5430897860213918e+03,
       1.3714946332645297e+03, 6.9240449323111148e+00,
       9.9644462957223220e-02, 3.1400022503309879e+00,
       -3.5802928986994495e-05, 2.4834274434454201e+03,
       1.3709309218126389e+03, 6.9142437293801651e+00,
       1.0925062797387639e-01, 3.1396877158867751e+00,
       -3.6811444586554112e-05, 2.4770936329530005e+03,
       1.3674941312831024e+03, 6.8827411374191181e+00,
       9.9322632164854471e-02, 3.1400436803715674e+00,
       -4.5945194188363409e-05, 2.5256108856087772e+03,
       1.2613090199733404e+03, 6.8984064355149703e+00,
       2.5057100049002579e-02, 3.1415374333700004e+00,
       -1.7156247710432842e-04, 2.9844520964926646e+03,
       1.1251068397266758e+03, 6.9455670561439753e+00,
       2.6973297302296412e-01, 3.1300022978259494e+00,
       -3.6111843856958457e-04, 3.1843562855774903e+03,
       1.0591407809821885e+03, 7.1879846997080872e+00,
       1.2692633701230898e+00, 2.8739029869416410e+00,
       -4.3747110859078994e-04, 2.6493221277782950e+03,
       1.0470499780249077e+03, 7.1817380495454799e+00,
       1.8103373216030489e+00, 2.5675031817729250e+00,
       -2.4506013177169784e-04, 1.8707090375514879e+03,
       1.0795449082371856e+03, 6.5070730303931761e+00,
       1.9618222734219877e+00, 2.4536779906676571e+00,
       -2.6885657731482040e-04, 1.6400701296694626e+03,
       1.0760290706943392e+03, 6.5631939051375427e+00,
       2.0500425160508162e+00, 2.3805545566359432e+00,
       -2.3864136219578388e-04, 1.5776096984115004e+03,
       8.1827878797031838e+02, 6.4716485094357949e+00,
       2.0461565070780781e+00, 2.3840228230261058e+00,
       -1.5438625900709830e-04, 1.9834717885678601e+03,
       5.3277467552184123e+02, 6.2846388074493706e+00,
       2.0361041078563979e+00, 2.3926047795001213e+00,
       -1.3217305470784722e-04, 2.2173661834500062e+03,
       4.6946413725211329e+02, 6.2760787498702610e+00,
       2.0301282639841163e+00, 2.3976365007065583e+00,
       -1.8359773005580254e-04, 2.4440190849929804e+03,
       4.3034266581400243e+02, 6.4707854073606255e+00,
       2.0107537169388974e+00, 2.4138829792156287e+00,
       -1.0641500768301346e-04, 2.2749915264613182e+03,
       4.1794926769330925e+02, 6.2600326961749770e+00,
       2.0435524085278765e+00, 2.3861319381283095e+00,
       -3.2568216368786810e-05, 1.6480893923077720e+03,
       3.9531514966296891e+02, 5.8390250682360465e+00,
       2.0735317334545940e+00, 2.3601014318198494e+00,
       4.6287880126771958e-06, 1.1969004943096866e+03,
       3.7299775710301878e+02, 5.6799002958021676e+00,
       2.1052330034258739e+00, 2.3318255038566380e+00,
       -2.4125209847952126e-05, 9.2239698774111355e+02,
       4.4289548900831801e+02, 5.6521781182257058e+00,
       2.1092123110561629e+00, 2.3282420740822043e+00,
       -3.9908618392374957e-05, 7.7861849794988416e+02,
       4.1344638587737973e+02, 5.6444852424802114e+00,
       2.1468914801647019e+00, 2.2935582183634247e+00,
       -2.4800400721699715e-05, 6.1091656865709729e+02,
       4.0860997247232433e+02, 5.6724382339798405e+00,
       1.8626136354234182e+00, 2.5298779838991914e+00,
       -6.2844348973954277e-05, 6.4756357897855401e+02,
       2.3716629011657218e+02, 5.8492902747777515e+00,
       -1.3051476012027976e+00, -2.8576431734942283e+00,
       2.5249056264125491e-05, 1.1023129503824030e+03,
       2.7695499855549338e+02, 6.1004359473683145e+00,
       -9.4139155179292278e-01, -2.9972727675939907e+00,
       7.2465238592501935e-05, 1.3872218894261905e+03,
       5.3978983866497413e+02, 6.1468065476182483e+00,
       -6.6623026944582120e-01, -3.0701448035156105e+00,
       3.8855528995608507e-05, 1.6420721955454417e+03,
       7.3610533376698936e+02, 6.1848926422611106e+00,
       -2.3434070386820408e-01, -3.1328650379758960e+00,
       1.0314878864866128e-04, 1.6463978091890126e+03,
       8.8837581112946930e+02, 6.3856101881720280e+00,
       -6.8493808876596202e-02, -3.1409370926898825e+00,
       3.2342192893946827e-04, 1.3545819548431421e+03,
       1.0198373226508818e+03, 6.8274864305562790e+00,
       6.9071311196800258e-03, -3.1415360197515985e+00,
       7.3729173273633032e-04, 1.1439994242121609e+03,
       1.2909822238890852e+03, 7.5688952851364197e+00,
       1.5305119789404678e-01, -3.1378333773958422e+00,
       9.1555963460342453e-04, 1.1428940891659051e+03,
       1.5508630227449535e+03, 7.9990494618248551e+00,
       2.3673275449681508e-01, -3.1328813788319616e+00,
       3.3468117132671971e-04, 1.3180560654324272e+03,
       1.6000325174486964e+03, 7.0623222083102055e+00,
       2.8691624618829936e-01, -3.1287355295147896e+00,
       4.5719545661364136e-05, 1.5743343336253897e+03,
       1.6267583272418055e+03, 6.5698036840151284e+00,
       2.9330558847924088e-01, -3.1280726255908702e+00,
       3.3282195689026335e-05, 1.9361632549888632e+03,
       1.6485869317099989e+03, 6.3649342241689713e+00 ]
