%YAML:1.0
---
M1: !!opencv-matrix
   rows: 3
   cols: 3
   dt: d
   data: [ 2.6091770680537024e+03, 0., 3.2285394312022902e+02, 0.,
       2.6366147290072558e+03, 2.5150207844036498e+02, 0., 0., 1. ]
D1: !!opencv-matrix
   rows: 1
   cols: 14
   dt: d
   data: [ -7.8173171142821574e-02, -1.4890198869593656e+00, 0., 0., 0.,
       0., 0., -4.1743917764000606e+00, 0., 0., 0., 0., 0., 0. ]
M2: !!opencv-matrix
   rows: 3
   cols: 3
   dt: d
   data: [ 2.6091770680537024e+03, 0., 3.0913352668210018e+02, 0.,
       2.6366147290072558e+03, 2.6505547100726199e+02, 0., 0., 1. ]
D2: !!opencv-matrix
   rows: 1
   cols: 14
   dt: d
   data: [ -2.4538777962678623e-01, -5.7150889801291493e-01, 0., 0., 0.,
       0., 0., -1.7886398335916793e+00, 0., 0., 0., 0., 0., 0. ]
R: !!opencv-matrix
   rows: 3
   cols: 3
   dt: d
   data: [ 9.9723043692423585e-01, -1.6711003658768965e-02,
       7.2472049982144390e-02, 1.7567245695867886e-02,
       9.9978302542425634e-01, -1.1193478109226326e-02,
       -7.2269271136208610e-02, 1.2435611373685172e-02,
       9.9730762958036367e-01 ]
T: !!opencv-matrix
   rows: 3
   cols: 1
   dt: d
   data: [ -2.0899297919633344e+00, 4.6647030001269432e+00,
       1.0904513129127782e+01 ]
R1: !!opencv-matrix
   rows: 3
   cols: 3
   dt: d
   data: [ -1.6092840889114637e-01, 4.7013428465740624e-04,
       1.2148041179986618e-02, -1.1778087731128912e-03,
       -1.6724105134323775e-01, 2.9423561627744954e-04,
       8.6560906690971318e-03, -1.5984112266571843e-04,
       -1.6850509935322128e-01 ]
R2: !!opencv-matrix
   rows: 3
   cols: 3
   dt: d
   data: [ 1.0000467743457464e+00, 1.0157601737032495e-02,
       3.4691549714568892e-05, -1.0026554741068092e-02,
       9.9994867333570558e-01, 4.1581439807869547e-05,
       2.3359621469166557e-02, 2.3726663362007281e-04,
       9.9990352877765476e-01 ]
P1: !!opencv-matrix
   rows: 3
   cols: 3
   dt: d
   data: [ 2.6091770680537024e+03, 0., 3.2285394312022902e+02, 0.,
       2.6366147290072558e+03, 2.5150207844036498e+02, 0., 0., 1. ]
P2: !!opencv-matrix
   rows: 3
   cols: 3
   dt: d
   data: [ 2.6091770680537024e+03, 0., 3.0913352668210018e+02, 0.,
       2.6366147290072558e+03, 2.6505547100726199e+02, 0., 0., 1. ]
Q: !!opencv-matrix
   rows: 4
   cols: 4
   dt: d
   data: [ 1., 0., 0., -3.5802122688293457e+02, 0., 1., 0.,
       -2.5850872611999512e+02, 0., 0., 0., 1.9224826595984948e+03, 0.,
       0., 4.7771633410121630e-03, 0. ]
