%YAML:1.0
---
calibration_time: "Mon Oct 12 16:09:47 2020"
nframes: 30
image_width: 640
image_height: 480
board_width: 9
board_height: 6
square_size: 54.
aspectRatio: 1.
flags: 2
camera_matrix: !!opencv-matrix
   rows: 3
   cols: 3
   dt: d
   data: [ 5.7105963408742366e+02, 0., 3.2479543926391710e+02, 0.,
       5.7105963408742366e+02, 2.4252437847201239e+02, 0., 0., 1. ]
distortion_coefficients: !!opencv-matrix
   rows: 5
   cols: 1
   dt: d
   data: [ 1.0544072717843135e-01, -1.3407698577821384e-02,
       -1.0095024268168651e-03, 1.6047553086808476e-02,
       -7.3035008774800336e-01 ]
avg_reprojection_error: 5.5326192649972672e-01
per_view_reprojection_errors: !!opencv-matrix
   rows: 30
   cols: 1
   dt: f
   data: [ 5.69958091e-01, 5.29088855e-01, 2.79588789e-01,
       2.11833209e-01, 3.26424807e-01, 5.01980543e-01, 7.97459543e-01,
       7.05006421e-01, 4.66844738e-01, 3.80517095e-01, 3.93484026e-01,
       3.39498580e-01, 2.89367050e-01, 3.03799599e-01, 3.86842251e-01,
       5.27913153e-01, 6.38292253e-01, 5.54263353e-01, 4.77831393e-01,
       4.75083500e-01, 8.66721749e-01, 6.22416615e-01, 6.72282159e-01,
       7.07251787e-01, 6.42298698e-01, 5.14715493e-01, 3.94501597e-01,
       7.62468338e-01, 8.42509151e-01, 5.85410774e-01 ]
extrinsic_parameters: !!opencv-matrix
   rows: 30
   cols: 6
   dt: d
   data: [ 9.2146524335369934e-02, -2.5298980984389180e-01,
       2.1802824141825132e+00, 3.1217629116413761e+01,
       -5.4182753095342719e+01, 9.3903639603478302e+02,
       3.2259483026078262e-01, 1.1747881816685237e-02,
       2.8346827474192802e+00, 2.1994874427026733e+02,
       2.0294695160962718e+02, 8.0603843167420860e+02,
       2.2761722440725243e-01, -5.2859062862221216e-02,
       3.0281064986440533e+00, 1.9116016132076268e+02,
       3.0598334064660412e+02, 8.1088846383712701e+02,
       1.5755918596339410e-01, -9.0175232434090480e-02,
       3.0563071982594541e+00, 1.7772162427330670e+02,
       2.7850652983779923e+02, 9.1626293887246266e+02,
       2.0101890996962760e-01, -1.7001858929081232e-01,
       2.9823617065672430e+00, 2.0516254278515703e+02,
       1.5472024327541803e+02, 8.6686520418267071e+02,
       1.8923869321148359e-01, -1.8988853872432676e-01,
       2.9474626261418715e+00, 2.7684017590728268e+02,
       4.9397490393769210e+01, 8.1838704159055737e+02,
       2.2787493324079308e-01, -1.7591989989836476e-01,
       2.9186218262587231e+00, 1.4762098057722426e+02,
       3.2535477846201367e+01, 7.9909039745270570e+02,
       3.2151811624181331e-01, -1.7987963946678412e-01,
       2.9184319793550322e+00, -2.4577264510219127e+01,
       3.8543599224451178e+01, 8.2794185760746643e+02,
       -2.2747586901428852e-02, -1.7565445793393417e-01,
       1.3470211597530317e+00, 4.6621489976529567e+01,
       -1.7090455777414277e+02, 1.0683467204274111e+03,
       -2.4930597837532549e-02, -1.6639925868855343e-01,
       1.3579245160723032e+00, 4.3241456067450841e+01,
       -1.8102552223926847e+02, 1.1023343413883747e+03,
       -9.8100498853012086e-02, -1.7923755530079902e-01,
       9.2136135517430429e-01, -1.1556553216572317e+02,
       -1.2120354744427071e+02, 1.1231994463447911e+03,
       -9.3857164909301721e-03, -3.2568323693934677e-02,
       2.8445965648980248e-01, -2.9091633930525609e+02,
       8.8937884867226586e+01, 1.2629640916920528e+03,
       2.0228147834794358e-03, -9.5822863323840823e-02,
       4.9758832638432934e-02, -3.4852322285273010e+02,
       9.8157898313089547e+01, 1.3485605542668991e+03,
       -1.5919088141679724e-01, -8.5064920007971861e-02,
       -8.3243007018352529e-03, -3.8538162111011047e+02,
       -8.8497928046920251e+01, 1.4242040331761134e+03,
       -1.5988868457870684e-01, -5.5708588989955635e-02,
       2.7625783943957250e-02, -4.4838534038761202e+02,
       -2.8268281213828664e+02, 1.4328922984789886e+03,
       -1.4771268618725278e-01, 2.7822737373183770e-03,
       2.8523017431274913e-02, -5.6867207231326051e+02,
       -3.4741298921087900e+02, 1.4559352197151607e+03,
       -1.4093403133270915e-01, 2.5638340229818618e-02,
       -7.9430877356222846e-04, -6.3656372845749650e+02,
       -3.5896245019794549e+02, 1.4811044027197727e+03,
       -7.8396251544482196e-02, -8.7425072185754960e-02,
       -2.2787416789231685e-02, -3.5315268108964369e+02,
       -3.4265132486120456e+02, 1.4197736282090486e+03,
       -3.9083900859784644e-02, -1.4219429264921585e-01,
       -1.3000532219564981e-02, -8.9994003251945585e+01,
       -3.4206101641356639e+02, 1.2979485856032613e+03,
       1.1645527114147654e-02, -1.5252199998942004e-01,
       -2.1479723665158525e-02, -3.1806113583060643e+01,
       -3.1365835589553740e+02, 1.0603253893419876e+03,
       5.6083631730808145e-02, -1.5750202447162284e-01,
       -7.9243746914510146e-04, -1.1504687113762915e-01,
       -2.7841175247629485e+02, 8.7398718176081888e+02,
       1.1966988257990195e-01, -1.2566807846059602e-01,
       -2.7955090611516031e-02, -1.5220007369718130e+02,
       -2.2872947306970897e+02, 7.9081968554728417e+02,
       8.2347520977067157e-02, -6.7979521903040074e-02,
       -5.4576541671041513e-02, -3.2308715719896691e+02,
       -2.0153870336746178e+02, 7.7917687907290770e+02,
       6.5941653823957849e-02, -3.6315034557032624e-02,
       -7.5185845213667404e-02, -4.1036279938916294e+02,
       -1.4590841773416912e+02, 8.9293586130705069e+02,
       -2.8343887769773542e-02, -7.0005711183496092e-02,
       -3.9270330404349317e-02, -3.1982318707681992e+02,
       -3.1556212764990340e+02, 9.3554389568631314e+02,
       1.5309994899704917e-02, -1.2881267743179456e-01,
       -2.9899977360495836e-02, -2.9508488705221242e+02,
       -6.6251171827907939e+01, 9.0061445541460910e+02,
       3.8715132617775969e-02, -1.0993665684549690e-01,
       -2.6652159740726183e-02, -3.3771921416362477e+02,
       2.5390868391651868e+00, 9.1040660114163995e+02,
       4.0612771325935312e-02, -1.0181364818490252e-01,
       -2.8597635135124182e-02, -2.1067630146612177e+02,
       4.3246820773200703e+01, 9.2554265602615908e+02,
       5.0097652642855435e-02, -1.3255278008519999e-01,
       4.7118049941286851e-04, 7.9858546175540501e-01,
       1.6367110531117561e+01, 8.8050696751219675e+02,
       1.1651741394887523e-01, -1.3457768008866969e-01,
       -4.5021427084792170e-01, -2.6398197019436151e+02,
       1.1842953930563095e+02, 8.9550729966411154e+02 ]
